4
5
1 1
2 2
2 3
2 4
2 5
4
1 3
2 4
2 5
2 3
100
1 1
2 2
2 3
1 4
2 555
2 666666
2 973480441
1 860053948
1 639201269
2 308796191
1 742972909
1 66737731
1 240414767
2 790003594
2 705173188
2 629106293
2 245823287
1 621989170
1 728486893
2 522138020
2 854665042
1 694254174
1 952822169
2 312985138
1 759134021
2 277227623
1 255933714
1 695132900
1 393529127
1 611955741
2 430624403
1 726643825
2 997452614
1 299345101
2 402655785
2 814533852
2 814474394
1 53084970
2 954232922
1 808233863
2 401539092
2 842813793
1 992554669
2 727590920
1 10310289
1 81618064
2 59057551
1 199283373
2 202017731
2 997641830
1 80876211
2 554997061
1 65711697
1 340283663
1 782601583
1 903773387
1 895316084
1 902697908
1 897309458
1 488968606
2 75126669
1 403088063
1 177559029
1 953646865
2 583895840
1 505654828
2 1
2 690599582
2 3
2 278590775
2 998911337
1 55029705
2 545703893
1 620536253
2 977902260
2 877222174
1 404946477
1 413957920
1 85428269
2 728153970
2 13899533
1 834707029
2 898640123
2 277260599
2 149130567
2 92291902
2 413434383
2 936438350
2 2
2 308080490
2 763161902
1 42
1 330066426
1 683856862
2 528070053
2 941173596
1 7
2 812456057
1 413975294
2 332680157
3
1 1000000000
2 1
2 3
